id	Name	mzmed	rtmed	Fold_change	log2FC	Pvalue	VIP
12258	Verapamil	-474.2450658	2.498633333	0.035379555	-4.355099872	0.039932173	1.488574349
24000	Glycochenodeoxycholate	-937.5891458	3.186816667	0.089504033	-4.184804437	0.000275928	1.959176334
9219	Cholic acid	-391.2853609	3.489616667	0.056220613	-3.911598303	0.025706576	1.593718875
4667	"5,2'-O-dimethylcytidine"	-272.1247667	2.165983333	0.066148662	-3.848251526	0.004857459	1.855722991
6235	1-Palmitoylglycerol	-313.2743283	0.730783333	0.0925307	-3.717040954	0.007258311	1.772809254
11940	"1,2-Didecanoyl-sn-glycerol"	-464.3372849	3.271775	0.107935523	-3.474366941	0.002252504	1.876021237
22572	"PC(20:5(5Z,8Z,11Z,14Z,17Z)/20:5(5Z,8Z,11Z,14Z,17Z))"	-844.5821765	3.489641667	0.077197234	-3.344286463	0.039728877	1.495748164
7189	Methacholine	-338.3058745	0.63945	0.074958991	-3.143918136	0.02929789	1.553272421
11090	Lithocholic acid	-440.3166101	3.956083333	0.161866755	-2.902646753	0.042265436	1.479064028
1126	Coumarin	-147.0434979	0.772333333	0.09924674	-2.846037012	0.026640279	1.589186076
15782	Retinene	-569.4328218	0.550083333	0.133057096	-2.775271124	0.042963211	1.50387483
13875	Tauroursodeoxycholic acid	-517.3340402	3.956075	0.173934031	-2.703869591	0.029853615	1.555364251
10268	Daidzin	-417.1182306	2.290708333	0.145066577	-2.680097145	0.015249859	1.683814028
11479	Veratramine	-451.3266952	3.18835	0.223238822	-2.630740993	0.00084318	1.840031303
2019	alpha-ketoglutarate	-188.0540572	2.4969	0.150435569	-2.357827392	0.049162311	1.431467131
1023	Gaboxadol	-141.0689361	3.484083333	0.191175523	-2.316065455	0.021709977	1.627659736
10792	alpha-Tocopherol (Vitamin E)	-431.3885052	2.309016667	0.161195694	-2.309512721	0.046653958	1.488636773
10242	Glycolithocholic acid	-416.3177446	2.535366667	0.23328876	-2.309500365	0.006070988	1.723089764
15634	(Z)-6-Octadecenoic acid	-565.5186902	0.754141667	0.188179891	-2.189942408	0.039422978	1.495184659
5435	beta-Octylglucoside	-292.1913965	3.181683333	0.241995043	-2.062571649	0.002559088	1.859447155
3100	Altretamine	-228.1957268	0.595633333	0.224234064	-2.059846812	0.037698915	1.46577959
2024	DL-Indole-3-lactic acid	-188.0702802	2.55635	0.222622334	-2.03903709	0.035352452	1.523462055
4674	Val-Leu	-272.1967313	2.171108333	0.259582252	-2.034972154	0.017794004	1.631053778
20738	PC(16:0/16:0)	-756.5653424	0.615416667	0.19503314	-2.018388888	0.044292056	1.49068321
1917	4-Pyridoxic acid	-184.0602774	0.678483333	0.238601261	-1.999953881	0.024865124	1.577872057
5556	16-Hydroxypalmitic acid	-295.2271035	1.248883333	0.250353532	-1.976571468	0.002145726	1.897583347
4624	Genistein	-271.0605669	0.682775	0.160563289	-1.909529737	0.04791026	1.454770705
2515	Dihydrolipoate (dihydrolipoic acid)	-208.063767	4.716516667	0.260864927	-1.872145026	0.007278686	1.782152749
1391	N-Carboxyethyl-.gamma.-aminobutyric acid	-158.0808594	4.407033333	0.244139781	-1.84558214	0.026561684	1.591408592
7748	beta-Nicotinamide D-ribonucleotide	-353.1004229	4.6968	0.220496766	-1.844786682	0.041229619	1.500536762
9046	Omeprazole	-387.1444078	0.785075	0.229300091	-1.818921904	0.047522619	1.457413447
11477	Prometon	-451.3159983	3.878983333	0.384080583	-1.7763518	0.011580631	1.624729146
21614	Sunitinib	-797.4472391	3.096466667	0.295982499	-1.735215877	0.004602699	1.845770502
7154	Pristanic acid	-337.2536121	3.878983333	0.40163523	-1.684232562	0.016485048	1.560192529
11443	Glycodeoxycholic acid	-450.3124775	3.8789	0.409234163	-1.680847507	0.017974033	1.556468309
12014	Glycocholic acid	-466.3193896	3.877766667	0.402384189	-1.635261076	0.011987236	1.604048727
9331	Glycyl-L-leucine	-394.2744307	3.8789	0.396493507	-1.605644556	0.010856196	1.601948245
705	Quinone	-126.0544059	1.801916667	0.328034142	-1.57891267	0.006716259	1.78234663
1597	beta-Hydroxybutyrate	-168.0653773	0.718483333	0.317108818	-1.570873153	0.024274479	1.586589524
1046	1-Aminocyclopropanecarboxylic acid	-143.0810817	5.258758333	0.30732122	-1.552015658	0.030832758	1.564279078
92	Trimethylamine N-oxide	-76.07535319	5.198283333	0.318327812	-1.51629664	0.041505233	1.495857466
5620	Diphenhydramine	-297.1924786	5.232175	0.321423977	-1.509763896	0.046621434	1.42089411
3950	Guanidineacetic acid	-252.1467231	0.450783333	0.323276771	-1.489323417	0.046050006	1.459823531
1490	myo-Inositol	-163.0598091	4.3379	0.373851659	-1.444723211	0.005818849	1.766563792
6166	Methoprene (S)	-311.2587813	0.691166667	0.374503998	-1.444608294	0.00053098	1.871481034
7756	Ajmalicine	-353.1874861	2.49935	0.349841611	-1.433667609	0.02718992	1.524141887
1962	N-Acetylmannosamine	-186.075677	1.791433333	0.352342959	-1.427546829	0.034640335	1.518422421
11043	Biocytin	-439.1435025	5.786341667	0.372494727	-1.425798179	0.003865938	1.817454926
4886	Citraconic acid	-278.093412	4.348566667	0.384768064	-1.411196377	0.024601727	1.555485972
6394	Griseofulvin	-317.0638591	6.126316667	0.396485909	-1.398794902	0.000114768	1.928822572
6591	"(+-)8,9-DHET"	-321.2426428	0.760316667	0.481814109	-1.387224691	0.010039287	1.570433296
1062	DL-2-Aminoadipic acid	-144.0648229	4.735416667	0.359495823	-1.341660608	0.02626441	1.594580185
305	"3,3-Dimethylacrylic acid"	-101.0592684	6.063316667	0.352411533	-1.334159304	0.044854503	1.453015411
2753	N-.alpha.-Acetyl-L-arginine	-217.1298461	5.81315	0.379577201	-1.307005052	0.01721943	1.682104223
514	N-Acetyl-L-alanine	-114.054364	3.238433333	0.435420254	-1.303711095	0.001146698	1.784178683
6124	Monomethyl glutaric acid	-310.1476159	3.142316667	0.385819532	-1.277919142	0.024278829	1.580342984
232	Hydroxyacetone	-92.07010555	5.707866667	0.368710019	-1.245504306	0.043472953	1.446158065
6502	Met-Lys	-319.186774	6.280716667	0.436330058	-1.233976549	0.000235353	1.899153501
2499	L-2-Aminobutyric acid	-207.1305861	4.7797	0.490955091	-1.203458704	0.006316557	1.669457873
1706	Metformin	-174.075645	4.498058333	0.453530496	-1.200186783	0.000189958	1.909648405
1617	Norharmane	-169.0742939	0.722266667	0.409877818	-1.198745462	0.019909403	1.624487882
4873	Stearidonic Acid	-277.2165018	1.807616667	0.496796757	-1.193142846	0.019405123	1.626513546
5627	Dibutyl sebacate	-297.2424715	0.76155	0.447452461	-1.154394029	0.027131737	1.53376418
8509	Tangeritin	-373.1345315	0.499433333	0.423586013	-1.14811168	0.042938333	1.451515116
5022	Linoleic acid	-281.2476221	0.749125	0.449793242	-1.131577684	0.016098934	1.640856713
733	"Dihydro-4,4-dimethyl-2,3-furandione"	-128.048974	0.741075	0.482564248	-1.115159397	0.001064386	1.914071621
4434	Ornithine	-265.1931305	3.843958333	0.482280018	-1.113796382	0.001382956	1.800372429
8678	(-)-Riboflavin	-377.1464381	3.315266667	0.452817657	-1.086493987	0.023250959	1.621400907
6492	His-Tyr	-319.1376	5.3429	0.491074508	-1.075172419	0.041794884	1.335083294
13636	Hexacosanoic acid	-511.2844951	3.920716667	0.504200491	-1.052018732	0.001282471	1.83369276
5185	Glycerol 1-myristate	-285.242535	0.743116667	0.506346798	-1.033221807	0.044598206	1.371829467
3378	Ser-Met	-237.0903832	4.372483333	0.559382293	-1.008163551	0.035711822	1.426929141
6310	Lys-Trp	-315.1771937	6.68005	0.538951573	-1.001087165	0.009067705	1.568881318
2978	N-Acetyl-L-phenylalanine	-225.1215605	4.067975	0.51052963	-0.982231372	0.001355312	1.827297729
1112	4-Guanidinobutyric acid	-146.0920569	5.59545	0.476196548	-0.967818235	0.033226597	1.542812757
3324	His-Pro	-235.1190214	2.269166667	0.532036252	-0.959010048	0.046405266	1.373273124
1459	D-Alanyl-D-alanine (D-Ala-D-Ala)	-161.0916081	5.043233333	0.552023237	-0.954923816	0.016877356	1.564875642
3483	L-Cystine	-241.0312111	6.918191667	0.570531128	-0.951930341	0.020522056	1.503263842
2359	3-Methoxy-4-hydroxyphenylethyleneglycol	-202.1075836	5.797283333	0.535302126	-0.923045866	0.020639782	1.490505935
3724	Arg-Ala	-246.1573938	6.625475	0.526605413	-0.917188645	0.009994341	1.640900748
537	D-Ornithine	-115.0858273	6.148066667	0.520386574	-0.880127648	0.030870681	1.535537971
1479	L-Carnitine	-162.1121214	4.0627	0.55747818	-0.875301103	0.039641962	1.406201026
2549	L-Kynurenine	-209.0914458	4.014858333	0.551835727	-0.866386395	0.020812271	1.487923432
1735	Gly-Val	-175.106963	4.7846	0.551113416	-0.862084026	0.020884008	1.500257932
2841	Pantothenate	-220.1179429	4.266583333	0.578163554	-0.856033287	0.00589961	1.678159581
5788	Ile-Lys	-301.2232814	5.517866667	0.566021956	-0.845638014	0.005167648	1.681680701
1762	L-Citrulline	-176.1027686	6.148316667	0.555117838	-0.838157345	0.003560689	1.817717174
5489	Phe-Gln	-294.1456623	4.049683333	0.581239724	-0.833053764	0.008549261	1.595004629
980	Tyramine	-138.0904552	3.38105	0.578961917	-0.826815418	0.003614058	1.721987977
9194	Ranitidine	-391.0554677	5.0055	0.555890105	-0.805900832	0.035674603	1.428193521
4502	Thr-Phe	-267.1336371	3.518433333	0.586605018	-0.785395116	0.016514309	1.512549716
3386	Ala-Phe	-237.1235131	3.617633333	0.595662122	-0.784307553	0.031907404	1.415058646
19919	1-Palmitoyl-2-oleoyl-sn-glycero-3-phosphoethanolamine	-718.5391246	0.747116667	0.568612916	-0.782002245	0.034753244	1.452310901
816	N-Acetylputrescine	-131.1175143	5.285716667	0.560711122	-0.763682315	0.042817023	1.45477574
2059	N.alpha.-Acetyl-L-lysine	-189.1230873	6.127133333	0.56762166	-0.745757543	0.038587651	1.488089966
2082	Ala-Thr	-190.0972459	3.753858333	0.625425804	-0.742728526	0.03380089	1.38636036
6393	"5,2'-O-dimethyluridine"	-317.0651102	3.410766667	0.610338085	-0.725351764	0.00031704	1.879548665
8448	Methysergide	-371.2406237	6.15955	0.613562923	-0.671336825	0.027956409	1.525046149
19477	His-Trp	-700.3286943	6.726383333	0.647182419	-0.627370298	0.014457992	1.565007823
4855	gamma-L-Glutamyl-L-phenylalanine	-277.1187125	5.4308	0.666432325	-0.612816321	0.029096908	1.436825591
3201	Pro-Asp	-231.0975559	5.486383333	0.663695887	-0.596081102	0.004851657	1.700852703
2624	alpha-Guanidinoglutaric Acid	-212.0643178	5.996416667	0.655935323	-0.580310479	0.033668673	1.496032182
4265	Agomelatine	-261.1641972	6.061383333	0.670925223	-0.578405119	0.024539375	1.438944199
9221	Dioctyl phthalate	-391.2847843	0.310266667	0.683494484	-0.534579211	0.02523064	1.482706394
2064	"N6,N6,N6-Trimethyl-L-lysine"	-189.1596295	9.379716667	0.718861514	-0.511121672	0.035988051	1.366460199
2513	N-Acetyl-beta-alanine	-208.0484115	4.596616667	0.704807172	-0.504611946	0.012810267	1.551509753
2809	Ala-Glu	-219.0974118	4.640866667	0.727127883	-0.466043425	0.007991489	1.614749946
6815	Etodolac	-329.1827361	6.442483333	0.732341743	-0.457961532	0.044362593	1.341093792
3300	Ser-Lys	-234.1448003	7.5737	0.772570852	-0.390254101	0.021812238	1.539402585
1303	N-Phenylacetamide	-153.1012754	0.788266667	0.767316004	-0.386167395	0.04159012	1.366527915
1958	DL-Homoserine	-186.0072034	6.2626	0.837785035	-0.252598216	0.037658938	1.355581258
8003	Piplartine	-359.1571443	6.601116667	0.848430311	-0.235102266	0.023640581	1.469516848
518	Creatinine	114.0663031	2.677316667	1.257300433	0.323794763	0.023514072	1.550661427
5211	D-Biotin	286.1231982	6.5731	1.321591546	0.408515954	0.049429991	1.321496699
5911	Arg-Glu	304.1622268	7.740983333	1.346455453	0.431591405	0.028815368	1.44028404
19588	Triflupromazine	705.2487263	6.084733333	1.402985817	0.533271035	0.043104146	1.358984072
879	2-Furoylglycine	134.0234374	2.362166667	1.441331445	0.558243299	0.042323347	1.315455682
5612	Phe-Met	297.1270368	2.611333333	1.517093935	0.615427396	0.048197523	1.304912086
2860	Indole-3-pyruvic acid	221.092056	0.739916667	1.496690404	0.632958275	0.02876154	1.476130405
4823	Glu-Lys	276.1564769	7.27205	1.528273211	0.635128421	0.028379465	1.417135335
11750	Astemizole	459.2570252	7.034233333	1.596999506	0.72562877	0.021788638	1.490099162
13277	Taurolithocholic acid	501.336077	1.239266667	1.670154158	0.761541715	0.00276005	1.720708046
4852	gamma-L-Glutamyl-L-glutamic acid	277.1036753	7.250516667	1.633880858	0.772170049	0.031714753	1.415017939
8970	S-Adenosyl-L-homocysteine	385.1274342	6.09485	1.684610917	0.809919638	0.00405649	1.834510336
14470	Taurocholic acid	533.3288403	3.056066667	1.706954499	0.826428468	0.004374493	1.669309467
13156	Taurocholate	498.2910098	3.057316667	1.832688304	0.934935427	0.001638085	1.758055369
7715	Trp-Phe	352.1662263	2.553483333	1.843266588	0.94307838	0.029272478	1.419920689
12563	Taurochenodeoxycholate	482.2829385	3.058166667	2.056755786	1.096408718	0.0009792	1.805164569
13127	Cytochalasin B	497.305151	3.059033333	2.047511664	1.10068336	0.000965937	1.800258977
3713	Dacarbazine	246.1087271	6.1593	2.43659215	1.29182475	0.004943882	1.743539288
2345	Cysteine-S-sulfate	201.983721	4.74435	2.681287781	1.433685014	0.047970281	1.398848022
14143	1-Stearoyl-2-hydroxy-sn-glycero-3-phosphocholine	524.3741287	2.862933333	2.423368676	1.475046844	0.005728322	1.775650627
662	Nicotinamide	123.05556	1.016966667	2.945331962	1.897482099	0.004210409	1.711847626
3711	Ala-Asp	246.1088713	5.506558333	3.615141727	1.910832883	0.008719067	1.697815309
5649	S-Methyl-5'-thioadenosine	298.0984128	1.644233333	3.489863057	2.155752417	0.001802401	1.764456387
8486	"11(Z),14(Z)-Eicosadienoic Acid"	372.2937888	0.761966667	4.69096082	2.302960505	0.010723621	1.709747208
10671	Stearoylcarnitine	428.3751638	2.5232	5.936938646	2.622829102	0.017951191	1.629765253
6894	Retinol (Vitamin A)	331.2059641	2.512133333	4.170140503	2.631523168	0.021500157	1.531874556
1367	Guanidine	157.0602967	6.277383333	9.753255161	2.716846431	0.022240704	1.635022134
5749	Sphingosine	300.2914989	1.23595	6.652222607	2.78071254	0.005121802	1.829700344
